8619.279762850316
8715.451509346041
7358.463684979748
8313.54462664262
8423.649829696935
8475.25115333106
8161.273272155416
8581.567980853324
8338.743592399356
9117.8191240962
8874.31400716355
9016.043206067776
9188.259096676704
9193.165354681589
9170.451424924035
8518.110731379671
9085.979975320493
9173.60085665456
9019.731752098009
9439.799574484381
9170.211075948424
9129.12739330609
9025.646498092714
9282.31197759561
8895.119503945101
9188.78719913131
9048.99413442482
9102.258005972306
9041.49209453075
9259.786726834815
9124.064856443643
9211.661874227011
9170.897301880455
9122.361724806573
9128.88828310387
9141.15116234215
9025.825876969606
9037.98170204749
9030.780205661578
8971.549464716922
8931.900791937214
9207.100145326389
9523.24484996441
9280.450627421265
9213.592009414933
9303.694966870791
8804.369028152714
9192.741835744011
9384.880718262955
9374.27596937415
9036.981253193526
9332.97154419638
9048.91517890288
8880.446412071778
9129.495866926054
9470.36358363092
8940.633137319077
8765.298056134474
7932.17050604974
7911.338977770257
